0.000383 0.999946 0.010349 -0.002927 -0.999260 0.000781 -0.038459 0.002807 -0.038465 -0.010327 0.999207 -0.000973
-0.004558 0.999834 0.017665 0.002335 -0.999110 -0.003812 -0.042007 -0.189941 -0.041933 -0.017840 0.998961 -0.002729
-0.008820 0.999856 0.014499 -0.011046 -0.998963 -0.008163 -0.044794 -0.665838 -0.044670 -0.014879 0.998891 -0.005638
-0.014064 0.999700 0.020053 -0.029358 -0.999043 -0.013218 -0.041703 -1.271870 -0.041425 -0.020620 0.998929 -0.000647
-0.012875 0.999715 0.020096 -0.037490 -0.999157 -0.012079 -0.039240 -2.179921 -0.038986 -0.020585 0.999028 -0.014439
-0.002864 0.999808 0.019383 -0.022259 -0.999251 -0.002113 -0.038637 -3.094952 -0.038589 -0.019479 0.999065 -0.018938
0.004163 0.999818 0.018615 0.000328 -0.999007 0.004984 -0.044267 -4.018960 -0.044352 -0.018412 0.998846 -0.029271
0.009511 0.999782 0.018633 0.032360 -0.998895 0.010357 -0.045852 -4.901470 -0.046035 -0.018177 0.998774 -0.031479
0.014996 0.999716 0.018559 0.056331 -0.998932 0.015791 -0.043420 -5.972840 -0.043701 -0.017888 0.998884 -0.053083
0.016815 0.999700 0.017789 0.083441 -0.998904 0.017574 -0.043394 -6.808091 -0.043694 -0.017040 0.998900 -0.055682
0.021311 0.999669 0.014378 0.115742 -0.998713 0.021948 -0.045728 -7.830438 -0.046028 -0.013385 0.998850 -0.062018
0.024888 0.999606 0.012950 0.154875 -0.998624 0.025457 -0.045848 -8.792712 -0.046160 -0.011792 0.998864 -0.073943
0.028487 0.999566 0.007571 0.204807 -0.998555 0.028802 -0.045366 -10.145065 -0.045564 -0.006268 0.998942 -0.078316
0.031527 0.999401 0.014259 0.237758 -0.998706 0.032068 -0.039483 -10.963964 -0.039917 -0.012996 0.999119 -0.074862
0.032999 0.999342 0.015081 0.272192 -0.998521 0.033617 -0.042730 -11.787531 -0.043209 -0.013649 0.998973 -0.080541
0.033770 0.999145 0.023871 0.314997 -0.998481 0.034769 -0.042744 -12.695357 -0.043537 -0.022391 0.998801 -0.084820
0.032286 0.999292 0.019343 0.342670 -0.998693 0.033021 -0.039007 -13.572217 -0.039618 -0.018059 0.999052 -0.077460
0.030820 0.999302 0.021127 0.372141 -0.998769 0.031612 -0.038240 -14.450461 -0.038881 -0.019922 0.999045 -0.079261
0.028104 0.999416 0.019430 0.404775 -0.999049 0.028732 -0.032802 -15.356600 -0.033341 -0.018489 0.999273 -0.072788
0.025693 0.999423 0.022203 0.436988 -0.999094 0.026426 -0.033357 -16.147186 -0.033924 -0.021326 0.999197 -0.066607
0.024957 0.999379 0.024896 0.455146 -0.999113 0.025780 -0.033317 -16.904875 -0.033938 -0.024042 0.999135 -0.055322
0.021487 0.999487 0.023751 0.471743 -0.999134 0.022313 -0.035117 -17.874414 -0.035628 -0.022976 0.999101 -0.054540
0.021380 0.999469 0.024603 0.489245 -0.998846 0.022413 -0.042479 -18.693642 -0.043008 -0.023667 0.998794 -0.056270
0.019758 0.999575 0.021431 0.507871 -0.998878 0.020659 -0.042626 -19.516605 -0.043051 -0.020564 0.998861 -0.059656
0.020163 0.999541 0.022617 0.531814 -0.998918 0.021089 -0.041466 -20.440277 -0.041924 -0.021756 0.998884 -0.065669
0.020400 0.999554 0.021815 0.558622 -0.998944 0.021276 -0.040722 -21.247814 -0.041168 -0.020962 0.998932 -0.066267
0.025195 0.999293 0.027920 0.616889 -0.998837 0.026312 -0.040403 -22.389889 -0.041109 -0.026869 0.998793 -0.075916
0.028330 0.999326 0.023372 0.636820 -0.998780 0.029245 -0.039785 -23.158472 -0.040442 -0.022216 0.998935 -0.080030
0.030656 0.999342 0.019384 0.667416 -0.998729 0.031402 -0.039423 -23.951275 -0.040005 -0.018151 0.999035 -0.074438
0.030673 0.999329 0.020004 0.690815 -0.998790 0.031414 -0.037835 -24.753960 -0.038438 -0.018820 0.999084 -0.072800
0.029291 0.999319 0.022411 0.718177 -0.998962 0.030048 -0.034239 -25.744938 -0.034889 -0.021385 0.999162 -0.066212
0.028792 0.999287 0.024414 0.740570 -0.998978 0.029618 -0.034140 -26.580273 -0.034839 -0.023406 0.999119 -0.064526
0.027823 0.999426 0.019365 0.762626 -0.998960 0.028500 -0.035584 -27.682556 -0.036116 -0.018355 0.999179 -0.053609
0.024467 0.999461 0.021903 0.809599 -0.999334 0.025046 -0.026552 -28.916906 -0.027086 -0.021239 0.999407 -0.047692
0.027538 0.999330 0.024127 0.836685 -0.999233 0.028191 -0.027184 -29.814672 -0.027846 -0.023360 0.999339 -0.042659
0.029266 0.999077 0.031462 0.872315 -0.999052 0.030252 -0.031309 -30.741894 -0.032232 -0.030516 0.999014 -0.047271
0.035462 0.999059 0.024976 0.937838 -0.998639 0.036382 -0.037379 -31.955235 -0.038252 -0.023617 0.998989 -0.046862
0.039311 0.998718 0.031909 1.008171 -0.998585 0.040410 -0.034577 -33.113834 -0.035822 -0.030504 0.998893 -0.031213
0.034732 0.998836 0.033500 1.031244 -0.998884 0.035769 -0.030856 -34.011978 -0.032018 -0.032390 0.998962 -0.024886
0.027834 0.999321 0.024153 1.052976 -0.999031 0.028633 -0.033418 -34.942009 -0.034087 -0.023199 0.999150 -0.024746
0.021122 0.999522 0.022577 1.075209 -0.998953 0.022015 -0.040101 -36.358311 -0.040579 -0.021706 0.998941 -0.023328
0.025278 0.999309 0.027257 1.119251 -0.998954 0.026290 -0.037428 -37.431877 -0.038119 -0.026282 0.998928 -0.016650
0.026737 0.999272 0.027237 1.157385 -0.998748 0.027855 -0.041550 -38.393059 -0.042279 -0.026092 0.998765 -0.028809
0.026308 0.999360 0.024233 1.190258 -0.998973 0.027177 -0.036255 -39.451229 -0.036890 -0.023254 0.999049 -0.031369
0.025684 0.999523 0.017146 1.216938 -0.998878 0.026343 -0.039363 -40.372169 -0.039796 -0.016116 0.999078 -0.028965
0.025881 0.999575 0.013453 1.258123 -0.998878 0.026392 -0.039322 -41.767311 -0.039661 -0.012420 0.999136 -0.033941
0.027133 0.999223 0.028599 1.285260 -0.999068 0.028067 -0.032788 -42.809513 -0.033566 -0.027682 0.999053 -0.012855
0.027798 0.999077 0.032749 1.322971 -0.999229 0.028682 -0.026824 -43.907623 -0.027738 -0.031978 0.999104 0.008328
0.026271 0.999249 0.028498 1.344900 -0.998922 0.027333 -0.037523 -44.966328 -0.038273 -0.027482 0.998889 -0.000526
0.025788 0.999450 0.020859 1.377039 -0.998745 0.026655 -0.042416 -46.212124 -0.042949 -0.019739 0.998882 -0.002624
0.027985 0.999355 0.022476 1.439643 -0.998976 0.028760 -0.034918 -47.623898 -0.035542 -0.021476 0.999137 0.000676
0.037659 0.999113 0.018820 1.515398 -0.998637 0.038308 -0.035445 -49.196239 -0.036135 -0.017460 0.999194 0.012690
0.043890 0.998659 0.027477 1.582801 -0.998562 0.044700 -0.029586 -50.301773 -0.030775 -0.026139 0.999184 0.023906
0.052282 0.998566 0.011521 1.661512 -0.998056 0.052640 -0.033361 -51.884663 -0.033919 -0.009754 0.999377 0.029102
0.053049 0.998543 0.009875 1.680006 -0.997969 0.053363 -0.034797 -52.157333 -0.035273 -0.008009 0.999346 0.029201
0.052931 0.998550 0.009757 1.732617 -0.997869 0.053263 -0.037681 -52.939342 -0.038146 -0.007742 0.999242 0.025385
0.055144 0.998396 0.012832 1.781880 -0.997884 0.055550 -0.033799 -53.695381 -0.034458 -0.010941 0.999346 0.037655
0.058822 0.998185 0.012887 1.836817 -0.997687 0.059223 -0.033370 -54.567719 -0.034072 -0.010894 0.999360 0.043823
0.070711 0.997413 0.012924 1.940352 -0.996813 0.071136 -0.036094 -55.791111 -0.036920 -0.010331 0.999265 0.058923
0.092482 0.995430 0.023782 2.065550 -0.995075 0.093253 -0.033623 -56.893356 -0.035687 -0.020555 0.999152 0.062330
0.131179 0.991125 0.021508 2.264619 -0.990561 0.131913 -0.037265 -57.886349 -0.039771 -0.016417 0.999074 0.067596
0.273817 0.961185 0.033861 3.030437 -0.961152 0.274742 -0.026527 -59.782520 -0.034801 -0.025282 0.999074 0.071313
0.444817 0.894926 0.035305 4.002804 -0.894550 0.445867 -0.031350 -60.925461 -0.043797 -0.017637 0.998885 0.073081
0.576966 0.816011 0.035152 4.846700 -0.815744 0.577863 -0.025219 -61.543037 -0.040892 -0.014125 0.999064 0.053566
0.740837 0.670552 0.038993 6.127680 -0.670023 0.741839 -0.027260 -62.152554 -0.047206 -0.005931 0.998868 0.030258
0.927175 0.371638 0.047229 8.238258 -0.372041 0.928216 -0.000281 -62.366451 -0.043943 -0.017310 0.998884 0.007708
0.971620 0.232296 0.044643 9.278589 -0.232645 0.972558 0.002716 -62.285583 -0.042787 -0.013025 0.998999 0.000581
0.994492 0.093737 0.046903 10.636524 -0.094363 0.995473 0.011323 -62.116566 -0.045630 -0.015686 0.998835 -0.012233
0.998785 0.023089 0.043531 11.684614 -0.023886 0.999554 0.017898 -61.981350 -0.043099 -0.018916 0.998892 -0.017679
0.998650 -0.027093 0.044317 12.837660 0.026426 0.999530 0.015562 -61.849403 -0.044718 -0.014369 0.998896 -0.023841
0.997819 -0.047718 0.045606 14.230999 0.047142 0.998795 0.013617 -61.728065 -0.046201 -0.011438 0.998867 -0.041566
0.998194 -0.037008 0.047320 15.448553 0.036081 0.999143 0.020291 -61.712345 -0.048030 -0.018547 0.998674 -0.054116
0.998605 -0.024816 0.046604 16.484179 0.024015 0.999556 0.017660 -61.710651 -0.047021 -0.016516 0.998757 -0.061185
0.998716 -0.019246 0.046868 17.803942 0.018343 0.999639 0.019627 -61.691853 -0.047228 -0.018742 0.998708 -0.065112
0.999067 -0.013409 0.041054 18.840149 0.012660 0.999749 0.018461 -61.683445 -0.041291 -0.017924 0.998986 -0.061934
0.999159 -0.007440 0.040316 20.023371 0.006947 0.999900 0.012356 -61.683491 -0.040403 -0.012065 0.999111 -0.063431
0.999110 -0.010199 0.040928 21.766897 0.009636 0.999857 0.013928 -61.644661 -0.041064 -0.013521 0.999065 -0.073257
0.998796 -0.024629 0.042426 23.147879 0.024287 0.999668 0.008553 -61.573204 -0.042622 -0.007512 0.999063 -0.081417
0.998598 -0.025834 0.046193 24.350014 0.025542 0.999650 0.006908 -61.535423 -0.046355 -0.005718 0.998909 -0.099364
0.998534 -0.025440 0.047773 25.543020 0.025352 0.999676 0.002452 -61.506863 -0.047820 -0.001237 0.998855 -0.104768
0.998628 -0.026708 0.045041 26.498697 0.026407 0.999625 0.007252 -61.480450 -0.045218 -0.006053 0.998959 -0.109143
0.998949 -0.026364 0.037494 27.552568 0.025991 0.999608 0.010405 -61.443687 -0.037754 -0.009419 0.999243 -0.105525
0.999086 -0.026150 0.033817 28.535009 0.025768 0.999600 0.011690 -61.421501 -0.034109 -0.010808 0.999360 -0.083286
0.998975 -0.023042 0.038958 30.144125 0.022898 0.999729 0.004142 -61.353596 -0.039043 -0.003246 0.999232 -0.088644
0.998897 -0.022566 0.041178 31.190676 0.022275 0.999724 0.007514 -61.321655 -0.041336 -0.006589 0.999124 -0.082444
0.999008 -0.023817 0.037624 32.409481 0.023540 0.999693 0.007780 -61.289932 -0.037797 -0.006886 0.999262 -0.081612
0.999010 -0.022837 0.038178 33.505829 0.022571 0.999718 0.007403 -61.251308 -0.038336 -0.006534 0.999244 -0.095068
0.999192 -0.023686 0.032480 34.494438 0.023660 0.999719 0.001183 -61.233528 -0.032499 -0.000414 0.999472 -0.076808
0.999241 -0.025536 0.029422 35.575584 0.025377 0.999661 0.005768 -61.187279 -0.029559 -0.005017 0.999550 -0.074203
0.998444 -0.047529 0.029165 37.027580 0.047307 0.998846 0.008272 -61.084465 -0.029524 -0.006879 0.999540 -0.063192
0.997326 -0.068461 0.025589 38.060318 0.068387 0.997652 0.003747 -60.988052 -0.025785 -0.001987 0.999665 -0.058207
0.994014 -0.104611 0.031505 39.431416 0.104476 0.994510 0.005927 -60.806198 -0.031952 -0.002600 0.999486 -0.072662
0.989182 -0.144638 0.024490 40.412971 0.144304 0.989421 0.014905 -60.571220 -0.026387 -0.011210 0.999589 -0.037472
0.977963 -0.207941 0.018677 41.484375 0.207800 0.978128 0.009206 -60.215939 -0.020183 -0.005122 0.999783 -0.028929
0.955124 -0.293794 0.037721 42.338085 0.293738 0.955859 0.007151 -59.748230 -0.038157 0.004250 0.999263 0.034127
0.916791 -0.398330 0.028765 43.202904 0.398114 0.917242 0.013131 -59.062458 -0.031615 -0.000587 0.999500 0.020254
0.828371 -0.559459 0.028406 44.054482 0.558969 0.828850 0.023702 -58.057705 -0.036804 -0.003756 0.999315 0.035451
0.689500 -0.723361 0.036587 44.564747 0.722354 0.690470 0.038150 -56.882797 -0.052858 0.000125 0.998602 0.024100
0.464719 -0.885287 0.017420 44.759106 0.884503 0.465041 0.037298 -55.347076 -0.041121 -0.001925 0.999152 0.017274
0.261334 -0.965183 0.011230 44.735180 0.964526 0.261571 0.035638 -53.775623 -0.037335 0.001518 0.999302 0.021206
0.147616 -0.989040 0.003020 44.667236 0.988232 0.147617 0.040096 -52.581753 -0.040102 -0.002934 0.999191 0.016930
0.073044 -0.997326 0.002303 44.616776 0.996494 0.073077 0.040735 -51.154530 -0.040795 -0.000681 0.999167 0.014453
0.040104 -0.999195 0.001120 44.594444 0.998547 0.040118 0.035997 -50.146675 -0.036013 -0.000325 0.999351 0.022376
0.017655 -0.999839 -0.003365 44.556808 0.999198 0.017522 0.036002 -49.204372 -0.035937 -0.003997 0.999346 0.022614
0.034266 -0.999379 -0.008222 44.618580 0.998757 0.033944 0.036506 -48.011398 -0.036205 -0.009463 0.999300 0.026762
0.051080 -0.998661 -0.008170 44.705265 0.998103 0.050766 0.034839 -47.060925 -0.034378 -0.009935 0.999360 0.035643
0.058474 -0.998163 -0.015872 44.774330 0.997750 0.057913 0.033766 -46.048756 -0.032784 -0.017811 0.999304 0.048346
0.059485 -0.998112 -0.015325 44.839657 0.997593 0.058892 0.036601 -44.946236 -0.035629 -0.017466 0.999212 0.049124
0.059749 -0.998138 -0.012278 44.892170 0.997446 0.059217 0.039946 -43.974205 -0.039145 -0.014633 0.999126 0.050981
0.056799 -0.998363 -0.006780 44.968826 0.997753 0.056520 0.035968 -42.422558 -0.035526 -0.008808 0.999330 0.065057
0.052263 -0.998598 -0.008486 45.019215 0.997910 0.051899 0.038505 -41.254112 -0.038011 -0.010481 0.999222 0.060081
0.046039 -0.998915 -0.006971 45.064308 0.997908 0.045674 0.045748 -39.975559 -0.045380 -0.009063 0.998929 0.062033
0.041493 -0.999064 -0.012230 45.099319 0.998304 0.040954 0.041382 -38.687092 -0.040843 -0.013926 0.999069 0.063707
0.037288 -0.999289 -0.005544 45.144222 0.998402 0.037018 0.042692 -37.358654 -0.042457 -0.007127 0.999073 0.070973
0.039269 -0.999156 -0.012038 45.172539 0.998422 0.038751 0.040642 -36.380386 -0.040142 -0.013615 0.999101 0.073367
0.053683 -0.998490 -0.011659 45.257439 0.997500 0.053085 0.046639 -34.959526 -0.045950 -0.014134 0.998844 0.062463
0.071278 -0.997298 -0.017793 45.376976 0.996005 0.070201 0.055193 -33.790016 -0.053795 -0.021656 0.998317 0.044970
0.090332 -0.995835 -0.012359 45.498714 0.994559 0.089556 0.053224 -32.809193 -0.051896 -0.017099 0.998506 0.041815
0.115762 -0.993192 -0.012998 45.681118 0.992296 0.115056 0.045945 -31.601871 -0.044137 -0.018217 0.998859 0.048886
0.137358 -0.990506 -0.005489 45.873070 0.989785 0.137040 0.039317 -30.564089 -0.038192 -0.010833 0.999212 0.059421
0.146091 -0.989237 -0.008122 46.052387 0.988595 0.145683 0.038144 -29.479874 -0.036550 -0.013602 0.999239 0.071638
0.150623 -0.988436 -0.017514 46.227535 0.987634 0.149674 0.046647 -28.329575 -0.043486 -0.024323 0.998758 0.057556
0.156123 -0.987635 -0.014215 46.449917 0.986320 0.155113 0.055785 -26.950466 -0.052890 -0.022730 0.998342 0.053704
0.175069 -0.984503 -0.010290 46.731945 0.983397 0.174346 0.050341 -25.534580 -0.047767 -0.018933 0.998679 0.059355
0.197100 -0.980318 -0.011356 46.999950 0.979301 0.196325 0.049261 -24.365168 -0.046062 -0.020830 0.998721 0.060485
0.210684 -0.977515 -0.008794 47.232628 0.976763 0.210143 0.042130 -23.435240 -0.039334 -0.017465 0.999073 0.069252
0.220569 -0.975364 -0.003770 47.465553 0.974603 0.220240 0.040547 -22.512650 -0.038717 -0.012618 0.999171 0.067129
0.229726 -0.973195 -0.010822 47.737282 0.972247 0.228968 0.048064 -21.407059 -0.044298 -0.021563 0.998786 0.067491
0.242697 -0.970094 -0.003960 48.073345 0.968864 0.242179 0.051500 -20.128128 -0.049000 -0.016336 0.998665 0.056442
0.254476 -0.967076 -0.002654 48.405453 0.965799 0.253997 0.052141 -18.926844 -0.049750 -0.015832 0.998636 0.060049
0.263193 -0.964727 -0.005616 48.673370 0.963900 0.262715 0.043336 -18.009937 -0.040332 -0.016819 0.999045 0.058557
0.271799 -0.962261 -0.013395 48.991932 0.961660 0.271048 0.041754 -16.966846 -0.036547 -0.024230 0.999038 0.087647
0.283248 -0.958959 -0.012984 49.369106 0.958154 0.282374 0.046972 -15.788341 -0.041378 -0.025745 0.998812 0.121570
0.294368 -0.955637 -0.010305 49.703419 0.954668 0.293536 0.049461 -14.743348 -0.044242 -0.024398 0.998723 0.122826
0.301669 -0.953368 -0.009210 50.059872 0.952292 0.300832 0.051384 -13.680901 -0.046217 -0.024272 0.998636 0.115770
0.306798 -0.951767 -0.003739 50.385281 0.950810 0.306308 0.046216 -12.689712 -0.042841 -0.017734 0.998924 0.129704
0.296342 -0.955074 0.003806 50.678768 0.954296 0.296257 0.039383 -11.648549 -0.038741 -0.008039 0.999217 0.144997
0.290823 -0.956750 -0.007174 50.944260 0.955968 0.290261 0.043297 -10.733127 -0.039342 -0.019449 0.999036 0.141795
0.295864 -0.955214 -0.005448 51.240952 0.954013 0.295195 0.052144 -9.751425 -0.048201 -0.020625 0.998625 0.129780
0.299094 -0.954204 -0.006047 51.593113 0.952984 0.298377 0.052848 -8.665834 -0.048623 -0.021569 0.998584 0.126404
0.301511 -0.953407 -0.010354 51.939465 0.952523 0.300714 0.047651 -7.570777 -0.042317 -0.024229 0.998810 0.143519
0.307807 -0.951445 0.002703 52.343246 0.950798 0.307701 0.036091 -6.317215 -0.035170 -0.008539 0.999345 0.148321
0.309980 -0.950717 0.007000 52.678562 0.949847 0.309999 0.041122 -5.314942 -0.041266 -0.006098 0.999130 0.142369
0.304193 -0.952501 0.014409 52.987114 0.951428 0.304534 0.045207 -4.316904 -0.047448 -0.000043 0.998874 0.127186
0.296364 -0.954986 0.013017 53.419353 0.954098 0.296650 0.041176 -2.895897 -0.043184 0.000216 0.999067 0.127829
0.294277 -0.955719 -0.001387 53.708290 0.955118 0.294040 0.035914 -1.885399 -0.033916 -0.011893 0.999354 0.137089
0.290325 -0.956913 -0.005412 53.985390 0.956449 0.289996 0.033269 -0.935184 -0.030266 -0.014835 0.999432 0.142851
0.284057 -0.958778 -0.007510 54.425575 0.958176 0.283577 0.038501 0.594757 -0.034785 -0.018133 0.999230 0.153469
0.281284 -0.959592 0.007910 54.745815 0.958707 0.281366 0.041403 1.738892 -0.041956 -0.004062 0.999111 0.155202
0.280802 -0.959744 0.006495 55.021458 0.958745 0.280809 0.044209 2.732190 -0.044253 -0.006187 0.999001 0.150008
0.276300 -0.961069 -0.002127 55.601460 0.960441 0.276038 0.036829 4.884602 -0.034808 -0.012219 0.999319 0.162052
0.274011 -0.961717 -0.004292 55.872459 0.961254 0.273734 0.032562 5.907030 -0.030141 -0.013048 0.999461 0.169086
0.239956 -0.970779 -0.002880 56.225620 0.970099 0.239675 0.038260 7.478460 -0.036451 -0.011974 0.999264 0.185079
0.180069 -0.983645 -0.004124 56.294979 0.982931 0.179774 0.039075 8.646461 -0.037695 -0.011090 0.999228 0.186245
0.046673 -0.998870 -0.008961 56.132420 0.998081 0.046267 0.041161 10.176980 -0.040700 -0.010865 0.999112 0.179243
-0.079858 -0.996728 -0.012478 55.736855 0.995792 -0.080335 0.044096 11.173461 -0.044954 -0.008904 0.998949 0.164039
-0.252817 -0.967253 -0.022491 55.056999 0.966688 -0.253493 0.035427 12.296910 -0.039968 -0.012785 0.999119 0.154553
-0.436993 -0.898902 -0.031825 54.128899 0.898280 -0.437959 0.035851 13.279306 -0.046164 -0.012921 0.998850 0.161130
-0.642071 -0.765762 -0.036786 52.884785 0.765424 -0.643017 0.025600 14.019465 -0.043258 -0.011720 0.998995 0.152124
-0.805985 -0.590500 -0.041204 51.676292 0.590538 -0.806913 0.012544 14.324786 -0.040655 -0.014222 0.999072 0.138431
-0.949997 -0.308892 -0.045723 49.698463 0.309498 -0.950876 -0.006661 14.334437 -0.041419 -0.020479 0.998932 0.121680
-0.989459 -0.135668 -0.050649 48.056793 0.137046 -0.990254 -0.024788 14.213437 -0.046792 -0.031468 0.998409 0.108165
-0.997510 -0.050246 -0.049499 46.540752 0.051436 -0.998410 -0.023069 14.118225 -0.048261 -0.025558 0.998508 0.097602
-0.998322 -0.025010 -0.052229 45.491852 0.026165 -0.999426 -0.021547 14.083754 -0.051661 -0.022878 0.998403 0.085347
-0.998393 -0.026637 -0.050011 44.327431 0.027845 -0.999333 -0.023610 14.111147 -0.049349 -0.024965 0.998470 0.076336
-0.998137 -0.039794 -0.046245 43.064911 0.040835 -0.998929 -0.021790 14.179572 -0.045328 -0.023638 0.998692 0.067943
-0.996405 -0.073765 -0.041660 41.523441 0.074497 -0.997089 -0.016283 14.345611 -0.040338 -0.019328 0.998999 0.078512
-0.993567 -0.104660 -0.043243 40.404964 0.105224 -0.994388 -0.010986 14.518925 -0.041851 -0.015466 0.999004 0.073944
-0.992184 -0.115855 -0.046354 39.371803 0.116297 -0.993190 -0.006947 14.671435 -0.045233 -0.012283 0.998901 0.048225
-0.991026 -0.124005 -0.049904 38.359650 0.124679 -0.992140 -0.010629 14.813649 -0.048194 -0.016755 0.998697 0.034590
-0.990382 -0.130453 -0.046108 37.213242 0.131155 -0.991283 -0.012546 14.976946 -0.044069 -0.018473 0.998858 0.042348
-0.991835 -0.119117 -0.045537 36.213593 0.119468 -0.992825 -0.005049 15.073902 -0.044609 -0.010448 0.998950 0.035204
-0.993519 -0.105154 -0.043152 35.198959 0.105881 -0.994267 -0.014909 15.145440 -0.041337 -0.019382 0.998957 0.044348
-0.995015 -0.088812 -0.045370 33.768730 0.089363 -0.995946 -0.010253 15.236442 -0.044276 -0.014256 0.998918 0.032045
-0.995706 -0.077608 -0.050458 32.808380 0.078892 -0.996595 -0.023974 15.277592 -0.048426 -0.027852 0.998438 0.033818
-0.996790 -0.063494 -0.048756 31.577208 0.064385 -0.997782 -0.016920 15.324862 -0.047573 -0.020005 0.998667 0.030095
-0.997602 -0.047114 -0.050696 30.526823 0.047949 -0.998731 -0.015387 15.332043 -0.049907 -0.017781 0.998596 0.028537
-0.998395 -0.023009 -0.051747 29.460630 0.024142 -0.999480 -0.021371 15.305297 -0.051229 -0.022586 0.998432 0.022169
-0.998797 0.000218 -0.049037 28.370358 0.000741 -0.999809 -0.019538 15.259912 -0.049032 -0.019550 0.998606 0.029119
-0.998455 0.024507 -0.049867 27.186100 -0.023881 -0.999629 -0.013108 15.168037 -0.050169 -0.011896 0.998670 0.017781
-0.997453 0.046972 -0.053677 26.230228 -0.046049 -0.998772 -0.018301 15.075270 -0.054471 -0.015782 0.998391 0.006620
-0.995671 0.075673 -0.053973 25.112534 -0.074464 -0.996933 -0.024081 14.922512 -0.055630 -0.019958 0.998252 -0.004762
-0.992693 0.106959 -0.055865 24.129950 -0.105572 -0.994039 -0.027220 14.749608 -0.058443 -0.021123 0.998067 -0.011599
-0.988747 0.141011 -0.049958 23.040363 -0.139252 -0.989562 -0.037103 14.521344 -0.054669 -0.029729 0.998062 -0.007642
-0.983476 0.174790 -0.047156 21.965950 -0.173303 -0.984282 -0.034000 14.273602 -0.052358 -0.025266 0.998309 -0.011598
-0.977643 0.205461 -0.044707 20.941406 -0.204109 -0.978391 -0.033004 13.987841 -0.050522 -0.023141 0.998455 -0.017520
-0.971194 0.234658 -0.041445 19.870768 -0.233254 -0.971748 -0.036030 13.654759 -0.048729 -0.025325 0.998491 -0.003621
-0.972605 0.229407 -0.037579 18.285460 -0.228090 -0.972964 -0.036277 13.293734 -0.044885 -0.026712 0.998635 0.000268
-0.972853 0.226979 -0.045137 17.207029 -0.225755 -0.973702 -0.030646 13.062153 -0.050906 -0.019624 0.998511 -0.000890
-0.972542 0.229564 -0.038242 16.053427 -0.228222 -0.972927 -0.036438 12.759650 -0.045572 -0.026709 0.998604 -0.003357
-0.970902 0.236152 -0.039782 14.998815 -0.234496 -0.971201 -0.042191 12.488664 -0.048600 -0.031635 0.998317 -0.006228
-0.969067 0.242372 -0.046531 13.912424 -0.240787 -0.969866 -0.037178 12.216222 -0.054140 -0.024824 0.998225 -0.018289
-0.967940 0.246129 -0.050124 12.828193 -0.244904 -0.969103 -0.029363 11.924874 -0.055802 -0.016146 0.998311 -0.018749
-0.966493 0.253216 -0.042103 11.422948 -0.252345 -0.967316 -0.024936 11.542717 -0.047041 -0.013476 0.998802 -0.011661
-0.964918 0.260631 -0.031709 10.031208 -0.259667 -0.965184 -0.031509 11.151598 -0.038817 -0.022170 0.999000 0.008972
-0.963126 0.266697 -0.035515 8.833422 -0.265478 -0.963460 -0.035574 10.807114 -0.043705 -0.024833 0.998736 0.012247
-0.961758 0.270298 -0.044278 7.774109 -0.268514 -0.962345 -0.042337 10.503978 -0.054055 -0.028829 0.998122 -0.012008
-0.958582 0.281377 -0.044130 6.424755 -0.280005 -0.959367 -0.034803 10.115704 -0.052130 -0.021004 0.998419 -0.004089
-0.947533 0.318331 -0.029108 5.190088 -0.317282 -0.947664 -0.035570 9.619194 -0.038907 -0.024468 0.998943 0.015679
-0.927189 0.372659 -0.038019 4.011320 -0.371571 -0.927826 -0.032782 8.998034 -0.047491 -0.016268 0.998739 0.020347
-0.899820 0.434911 -0.034308 3.005785 -0.433095 -0.899979 -0.049661 8.366875 -0.052475 -0.029827 0.998177 -0.020250
-0.857871 0.512969 -0.030340 1.965570 -0.511777 -0.858212 -0.039457 7.513752 -0.046279 -0.018322 0.998761 -0.038807
-0.797843 0.602595 -0.018038 1.120151 -0.601245 -0.797535 -0.049412 6.619036 -0.044161 -0.028578 0.998616 -0.011598
-0.718141 0.695805 -0.011298 0.518785 -0.694643 -0.717727 -0.048373 5.646098 -0.041767 -0.026891 0.998765 -0.013766
-0.606155 0.795194 -0.015576 0.046941 -0.793738 -0.606058 -0.051703 4.509829 -0.050554 -0.018977 0.998541 -0.032394
-0.463152 0.886191 -0.012452 -0.197382 -0.885272 -0.463250 -0.041136 3.282305 -0.042223 -0.008029 0.999076 -0.016134
-0.281718 0.959484 -0.005087 -0.190552 -0.959002 -0.281739 -0.030623 1.902424 -0.030816 -0.003748 0.999518 0.017710
-0.196793 0.980325 0.015360 -0.133733 -0.979852 -0.196105 -0.037837 1.134947 -0.034080 -0.022496 0.999166 0.017155
-0.125524 0.992000 0.013379 -0.044511 -0.991052 -0.124764 -0.047421 0.439943 -0.045372 -0.019212 0.998785 0.001848
-0.069680 0.997274 0.024287 0.038992 -0.996348 -0.068369 -0.051144 -0.273929 -0.049344 -0.027762 0.998396 -0.006853
-0.032869 0.999267 0.019655 0.116147 -0.998087 -0.031787 -0.053027 -0.950514 -0.052363 -0.021361 0.998400 -0.004434
0.012047 0.999522 0.028457 0.221841 -0.998763 0.013401 -0.047882 -1.676286 -0.048241 -0.027845 0.998448 -0.013676
