steering_node:
  ros__parameters:
    kp: 60.0
    ki: 0.1
    kd: 1.8
    m_coeff: -3.49048
    b_coeff: 1911.0
    steering_to_wheel: 0.055556
    max_speed: 4000.0
    acceleration: 5000.0